clustername,bootstrap,leafname,branchPath,medianOfDistances,sequencesperCluster
480,0.9999,CTCTAATAGCAATATG_256774,0.5314774840000001,2.0000000100495186E-8,2
480,0.9999,GAGCAGATCCCATTTA_244814,0.5314774840000001,2.0000000100495186E-8,2
495,0.9999,TGGCTGGTCTGATTCT_187953,0.12904705316999998,2.9999999984209325E-8,3
495,0.9999,ACTGTCCTCTCAACTT_187957,0.12904706316999998,2.9999999984209325E-8,3
495,0.9999,CACCTTGAGATGGCGT_148263,0.12904706316999998,2.9999999984209325E-8,3
507,0.9999,CCAGCGATCGCGATCG_60946,0.37002829836,1.9999999989472883E-8,2
507,0.9999,CGTGTAAAGTTTGCGT_295692,0.37002829836,1.9999999989472883E-8,2
637,0.9999,AAACGGGCAATAGCAA_7714,0.34820461299999944,1.8999999984448124E-7,56
637,0.9999,ATTGGTGTCCACGCAG_269297,0.34820437299999957,1.8999999984448124E-7,56
637,0.9999,CGAACATCAAAGTGCG_142564,0.34820418299999967,1.8999999984448124E-7,56
637,0.9999,CCTAGCTCATAAGACA_962,0.34820420299999966,1.8999999984448124E-7,56
637,0.9999,CAGCCGATCCTATTCA_5690,0.3482042729999996,1.8999999984448124E-7,56
637,0.9999,CGGAGTCTCACCAGGC_4750,0.3482041329999997,1.8999999984448124E-7,56
637,0.9999,ACATGGTTCACCGTAA_24386,0.3482045529999995,1.8999999984448124E-7,56
637,0.9999,CTACACCGTTGTGGAG_269205,0.3482040929999997,1.8999999984448124E-7,56
637,0.9999,AACTGGTTCTGGTGTA_5489,0.34820458299999946,1.8999999984448124E-7,56
637,0.9999,ATGAGGGTCGCCCTTA_24963,0.34820440299999955,1.8999999984448124E-7,56
637,0.9999,ACGCCAGCACACCGAC_6835,0.3482045029999995,1.8999999984448124E-7,56
637,0.9999,ACATACGGTATCACCA_214384,0.34820456299999947,1.8999999984448124E-7,56
637,0.9999,AGAGCTTCACGAAAGC_140067,0.3482044829999995,1.8999999984448124E-7,56
637,0.9999,CCTATTACATGGGAAC_269000,0.34820419299999966,1.8999999984448124E-7,56
637,0.9999,CACCAGGGTCCTGCTT_24937,0.3482043029999996,1.8999999984448124E-7,56
637,0.9999,ATTCTACAGATTACCC_1406,0.34820438299999956,1.8999999984448124E-7,56
637,0.9999,CAGCTGGAGCTGAAAT_3399,0.3482042629999996,1.8999999984448124E-7,56
637,0.9999,CACAGGCTCTTCAACT_269001,0.3482043329999996,1.8999999984448124E-7,56
637,0.9999,ATTTCTGTCAGCTTAG_9616,0.3482043629999996,1.8999999984448124E-7,56
637,0.9999,CACCAGGAGACTACAA_269027,0.3482043129999996,1.8999999984448124E-7,56
637,0.9999,AAGCCGCCAACGATCT_12473,0.34820457299999946,1.8999999984448124E-7,56
637,0.9999,CGTCCATCATTGGCGC_24809,0.3482041129999997,1.8999999984448124E-7,56
637,0.9999,AGTTGGTCATGCTAGT_23835,0.3482044529999995,1.8999999984448124E-7,56
637,0.9999,ATCGAGTCAAGCTGGA_12810,0.34820441299999955,1.8999999984448124E-7,56
637,0.9999,CACATAGCACAGTCGC_269206,0.3482043229999996,1.8999999984448124E-7,56
637,0.9999,CAAGTTGTCCAGATCA_24659,0.3482043529999996,1.8999999984448124E-7,56
637,0.9999,CGTAGCGAGGACAGAA_269005,0.3482041229999997,1.8999999984448124E-7,56
637,0.9999,CGATCGGGTTCCGGCA_1929,0.3482041529999997,1.8999999984448124E-7,56
637,0.9999,CGGACACAGTGCTGCC_272948,0.3482041429999997,1.8999999984448124E-7,56
637,0.9999,AACTCCCAGACTACAA_8205,0.34820460299999945,1.8999999984448124E-7,56
637,0.9999,CTCGGAGAGGAGCGAG_4215,0.3482040829999997,1.8999999984448124E-7,56
637,0.9999,ACGAGCCTCCTATGTT_246,0.3482045229999995,1.8999999984448124E-7,56
637,0.9999,AGCCTAAGTCTCCACT_23883,0.3482044729999995,1.8999999984448124E-7,56
637,0.9999,CAGCAGCCACAAGTAA_269306,0.3482042929999996,1.8999999984448124E-7,56
637,0.9999,ACCTTTATCTAACCGA_4740,0.3482045329999995,1.8999999984448124E-7,56
637,0.9999,AACTCTTTCTGGAGCC_24034,0.34820459299999945,1.8999999984448124E-7,56
637,0.9999,CTGAAACTCGCCGTGA_4554,0.3482040729999997,1.8999999984448124E-7,56
637,0.9999,ATCATGGTCTCAAGTG_269183,0.34820443299999954,1.8999999984448124E-7,56
637,0.9999,ATCCACCGTTGAGTTC_25796,0.34820442299999954,1.8999999984448124E-7,56
637,0.9999,CAGTAACTCATGCAAC_268978,0.34820425299999963,1.8999999984448124E-7,56
637,0.9999,CACAAACTCGGTGTTA_7693,0.3482043429999996,1.8999999984448124E-7,56
637,0.9999,CGTTAGAAGACTCGGA_269003,0.3482041029999997,1.8999999984448124E-7,56
637,0.9999,AACTCAGGTGTTCGAT_791,0.34820461299999944,1.8999999984448124E-7,56
637,0.9999,CATTCGCTCAGTCAGT_4292,0.34820423299999964,1.8999999984448124E-7,56
637,0.9999,CGAGCCACAGATGGCA_278,0.3482041629999997,1.8999999984448124E-7,56
637,0.9999,AGCGTATGTGATAAGT_269259,0.3482044629999995,1.8999999984448124E-7,56
637,0.9999,CCACGGACAGGCGATA_275332,0.34820422299999965,1.8999999984448124E-7,56
637,0.9999,CCAGCGAAGACTAGGC_5636,0.34820421299999965,1.8999999984448124E-7,56
637,0.9999,ACGATGTTCGAATCCA_3000,0.3482045129999995,1.8999999984448124E-7,56
637,0.9999,ATGTGTGAGGCAATTA_2703,0.34820439299999956,1.8999999984448124E-7,56
637,0.9999,CAGCATAAGGATCGCA_11251,0.3482042829999996,1.8999999984448124E-7,56
637,0.9999,ATCATGGCATGCAACT_3173,0.34820444299999953,1.8999999984448124E-7,56
637,0.9999,ACTGTCCGTCCGTCAG_9247,0.3482044929999995,1.8999999984448124E-7,56
637,0.9999,CATATGGCAATGTAAG_24140,0.34820424299999964,1.8999999984448124E-7,56
637,0.9999,CGACTTCGTTAGATGA_273369,0.3482041729999997,1.8999999984448124E-7,56
637,0.9999,ACCCACTCACCATCCT_9089,0.3482045429999995,1.8999999984448124E-7,56
749,0.9999,CCTAGCTTCATAGCAC_172739,0.28668941705,2.9999999928698173E-8,3
749,0.9999,CCTAAAGAGCCCAACC_624825,0.28668941705,2.9999999928698173E-8,3
749,0.9999,GCGCAGTCACAGGAGT_178061,0.28668940705,2.9999999928698173E-8,3
754,0.9999,GCTGCTTCAGCTGGCT_152430,0.12584898635,2.9999999984209325E-8,3
754,0.9999,CGGAGCTCACCATGTA_152477,0.12584899635,2.9999999984209325E-8,3
754,0.9999,GCACTCTCAATAAGCA_152533,0.12584899635,2.9999999984209325E-8,3
772,0.9999,CAGCTGGTCTGTCAAG_389464,0.35883718819,5.999999996841865E-8,9
772,0.9999,GACAGAGAGGGAGTAA_5317,0.25888902694,5.999999996841865E-8,9
772,0.9999,ATTTCTGTCGGAGCAA_5298,0.25888905694,5.999999996841865E-8,9
772,0.9999,CGTTAGATCAGTTTGG_235248,0.25888905694,5.999999996841865E-8,9
772,0.9999,TACGGATTCGCAAACT_81953,0.25888901694,5.999999996841865E-8,9
772,0.9999,CTCGTACGTGAGTATA_16188,0.25888904694,5.999999996841865E-8,9
772,0.9999,TGGCTGGCAAGCGTAG_85477,0.25888900694,5.999999996841865E-8,9
772,0.9999,CTGTGCTGTAGTACCT_127654,0.32227760008,5.999999996841865E-8,9
772,0.9999,CTGATAGTCGCGTAGC_84253,0.25888903694,5.999999996841865E-8,9
794,0.9999,ACCCACTTCTGCAAGT_209038,0.25629074283,3.9999999978945766E-8,5
794,0.9999,ACGCCAGCACATTAGC_12078,0.22581214564999996,3.9999999978945766E-8,5
794,0.9999,GATGAAAGTAAATGAC_161489,0.22581212564999997,3.9999999978945766E-8,5
794,0.9999,ACGATACAGTCCGGTC_7749,0.22581214564999996,3.9999999978945766E-8,5
794,0.9999,AGTGAGGTCGGTGTCG_135579,0.22581213564999997,3.9999999978945766E-8,5
816,0.9999,CCACGGACAGTGGAGT_61822,0.17970241338999998,2.9999999984209325E-8,3
816,0.9999,TCTATTGGTGCGCTTG_61820,0.17970240339,2.9999999984209325E-8,3
816,0.9999,AAGGCAGAGGTGACCA_62116,0.17970241338999998,2.9999999984209325E-8,3
821,0.9999,ACGTCAATCTGCCAGG_24175,0.21021117254,2.9999999984209325E-8,4
821,0.9999,TAAGAGACAGTAAGAT_206121,0.21021116254,2.9999999984209325E-8,4
821,0.9999,GCGAGAAAGTGTACTC_468848,0.21021117254,2.9999999984209325E-8,4
821,0.9999,TAGCCGGCATGGATGG_206526,0.21021115254,2.9999999984209325E-8,4
830,0.9999,CCATTCGAGTCCGGTC_194724,0.44009362609999997,1.9999999989472883E-8,2
830,0.9999,TAGAGCTGTGTGGCTC_194730,0.44009362609999997,1.9999999989472883E-8,2
834,0.9999,TCACAAGAGACCGGAT_101307,0.31404678978999995,5.999999996841865E-8,9
834,0.9999,GCTGCGAAGAATTGTG_146878,0.25058140185999994,5.999999996841865E-8,9
834,0.9999,AACCGCGGTGAGCGAT_146792,0.2505814318599999,5.999999996841865E-8,9
834,0.9999,ACACCAATCGCCCTTA_100570,0.2505814318599999,5.999999996841865E-8,9
834,0.9999,TCGAGGCTCCGAACGC_147138,0.25058139185999995,5.999999996841865E-8,9
834,0.9999,CAGAATCCATTGAGCT_147231,0.25058142185999993,5.999999996841865E-8,9
834,0.9999,TTGACTTGTTGTGGCC_147101,0.25058138185999995,5.999999996841865E-8,9
834,0.9999,ACATGGTAGGTGCTTT_674,0.4336320297599999,5.999999996841865E-8,9
834,0.9999,CGTGAGCGTGTCGCTG_129961,0.25058141185999994,5.999999996841865E-8,9
0,0,GGCGTGTTCCTGCCAT_142549,0.3482039329999998,0,1
0,0,AGACGTTTCACTCCTG_356781,0.44202250916,0,1
0,0,CATATGGTCAGCATGT_477150,0.62399508366,0,1
0,0,CTGCTGTTCATCACCC_2465,0.34820406299999973,0,1
0,0,AACTCAGAGTGTCCAT_74932,0.37937015307000005,0,1
0,0,TTGAACGTCGTCCGTT_2819,0.348203543,0,1
0,0,CATCGAATCGGAGGTA_101591,0.27442856177,0,1
0,0,GATCGATTCCAAACAC_479,0.34820400299999976,0,1
0,0,CGATTGAAGTCGAGTG_74946,0.23093431896,0,1
0,0,TGACTTTGTGAGGGAG_23811,0.34820363299999996,0,1
0,0,GGGATGAGTCGAGTTT_27552,0.3482039029999998,0,1
0,0,GAGGTGAAGACATAAC_5365,0.34874435635,0,1
0,0,GCAAACTGTTTAAGCC_100042,0.3482039829999998,0,1
0,0,GTCATTTTCGGCGCAT_4862,0.34820386299999984,0,1
0,0,GCGCAACTCTCTAGGA_14207,0.3482039629999998,0,1
0,0,GTGCATACACATAACC_269202,0.34820384299999985,0,1
0,0,GGCCGATAGTTCCACA_364,0.3482039429999998,0,1
0,0,TTAGGCATCACCACCT_100500,0.348203563,0,1
0,0,GGCGTGTCACGTCTCT_317279,0.7163395674999999,0,1
0,0,TCTCTAAAGTACGCGA_398251,0.2404324893,0,1
0,0,GTTTCTAAGGTGCACA_5572,0.34820380299999987,0,1
0,0,GCAAACTCACGTCAGC_3175,0.34820399299999977,0,1
0,0,GTATTCTGTTCCACGG_4390,0.34820387299999983,0,1
0,0,TGGCGCAAGGGATGGG_268353,0.348203603,0,1
0,0,GTGCATAAGGGAAACA_381704,0.30651968896,0,1
0,0,GTGTTAGCAAGAAAGG_22360,0.16849051896,0,1
0,0,TCAACGATCACATACG_2778,0.19708745186999999,0,1
0,0,CTGAAACAGCCACCTG_223153,0.26788608415,0,1
0,0,GCTGCGAAGATGCCTT_1680,0.3482039529999998,0,1
0,0,CACATAGCAGGTTTCA_2462,0.37812268205000005,0,1
0,0,TTCTCCTAGTCAAGCG_133623,0.348203553,0,1
0,0,GTTCGGGAGAGGTTAT_288377,0.49962554656,0,1
0,0,TCCCGATTCCGCTGTT_142504,0.3482036929999999,0,1
0,0,CTGCGGACAGTCGTGC_257137,0.48219303523,0,1
0,0,GAAACTCTCGCATGAT_454620,0.59871219484,0,1
0,0,CGTTCTGTCTGAGTGT_4083,0.16657866528999998,0,1
0,0,TCTATTGTCTGGCGTG_126428,0.39787722367999995,0,1
0,0,GTGTGCGGTCTCTTAT_8511,0.34820383299999985,0,1
0,0,CTCGGAGTCAGCCTAA_4164,1.262087464,0,1
0,0,TCGAGGCGTACAGACG_3050,0.34820368299999993,0,1
0,0,CATCAGATCTTAGAGC_18128,0.38272033034,0,1
0,0,TACCTATTCGGAATCT_26421,0.3482037629999999,0,1
0,0,TCAGCTCCATTTCACT_1988,0.3482037429999999,0,1
0,0,TGTTCCGGTTGTACAC_24085,0.348203573,0,1
0,0,TAAGCGTGTCTCTTAT_178843,0.3482037829999999,0,1
0,0,GACGCGTTCACTCCTG_13507,0.34820402299999975,0,1
0,0,GGAACTTAGCAATATG_24896,0.5436224935799999,0,1
0,0,GACTAACTCTGGTGTA_2665,0.34820401299999976,0,1
0,0,TAAGAGAGTACTCGCG_5850,0.3482037929999999,0,1
0,0,TGAGCATTCATGTCCC_1903,0.34820362299999996,0,1
0,0,GTTACAGCAAGACGTG_2962,0.34820382299999986,0,1
0,0,TTGTAGGTCCCAAGAT_136250,0.348203523,0,1
0,0,GGTGTTACAAAGCGGT_26087,0.3482038829999998,0,1
0,0,GCATACAGTGCACCAC_340050,0.40042951416,0,1
0,0,ATGGGAGCATGAAGTA_89866,0.36748819653,0,1
0,0,TCCACACGTACGCTGC_24484,0.3482037129999999,0,1
0,0,ACCGTAAGTTCAGTAC_124107,0.46145756804,0,1
0,0,TTGACTTGTAGGGTAC_6418,0.348203533,0,1
0,0,ACGGGTCGTCTGCGGT_7643,0.6641622370000001,0,1
0,0,TCTTCGGGTCTGCGGT_5051,0.34820365299999995,0,1
0,0,TGTCCCAAGACTGTAA_4621,0.348203593,0,1
0,0,GTTCATTAGTGTACGG_269241,0.34820381299999986,0,1
0,0,TCCACACAGTATCTCG_8755,0.3482037229999999,0,1
0,0,CGAACATTCTCTTATG_317794,0.40465263031,0,1
0,0,GGGAGATTCAATACCG_7644,0.3482039129999998,0,1
0,0,GCAGCCACAATCTGCA_8134,0.3482039729999998,0,1
0,0,CTCACACTCCTAGTGA_351516,0.630368468,0,1
0,0,TCGCGTTGTCGAGATG_3333,0.34820367299999994,0,1
0,0,TCGTACCGTGCACCAC_22896,0.34820366299999994,0,1
0,0,TTCCCAGCAATCACAC_74080,0.36145221879,0,1
0,0,TGACTTTCAGCTCGCA_269313,0.34820364299999995,0,1
0,0,GACAGAGCACGAAACG_3093,0.34820403299999975,0,1
0,0,GGGCACTTCAATAAGG_7453,0.3482038929999998,0,1
0,0,GTGCTTCTCCTTGGTC_73929,0.3120517544,0,1
0,0,TGGTTCCAGATTACCC_154836,0.25516615488,0,1
0,0,TACAGTGAGGGCACTA_647,0.3482037729999999,0,1
0,0,TCCACACTCCGGGTGT_5806,0.3482037029999999,0,1
0,0,TCAATCTCAGATTGCT_10946,0.3482037529999999,0,1
0,0,GTGCATAAGGGAACGG_142646,0.34820385299999984,0,1
0,0,TGTCCCACACCGTTGG_1881,0.348203583,0,1
0,0,TCAGCTCCAAGTACCT_105910,0.41886828002,0,1
0,0,TCAGCTCGTCCTAGCG_4146,0.3482037329999999,0,1
0,0,TGCCAAAGTCTCCCTA_269288,0.34820361299999997,0,1
0,0,GGATGTTCAGTGGAGT_24950,1.308962173,0,1
0,0,CTTACCGTCTCTAAGG_142533,0.34820405299999974,0,1
0,0,GGCTGGTGTATATGAG_11422,0.3482039229999998,0,1
0,0,TAGGCATCAGTTTACG_141482,0.29335315776,0,1
0,0,GTTTCTAAGTGTCCAT_599,0.411664749,0,1
0,0,GAAACTCGTCGCGTGT_269938,0.34820404299999974,0,1
