clustername,bootstrap,leafname,branchPath,medianOfDistances,sequencesperCluster
806,0.9999,ATCCGAATCTTTACGT_110829,0.3699,0.25832,2
806,0.9999,GTCTTCGAGTACGTAA_100004,0.441144,0.25832,2
813,0.9999,CATGGCGAGGCCCGTT_258821,0.43598000000000003,0.3289510000000001,2
813,0.9999,TTGCCGTCACATTTCT_182184,0.430425,0.3289510000000001,2
816,0.9999,GAGTCCGCAACTGCTA_38291,0.463459,0.31883399999999995,11
816,0.9999,AACGTTGAGATGCCAG_222103,0.602454,0.31883399999999995,11
816,0.9999,GGCTCGAAGCAGCCTC_96493,0.606707,0.31883399999999995,11
816,0.9999,TTTGGTTCACTTGGAT_44505,0.463459,0.31883399999999995,11
816,0.9999,TGATTTCTCTTGTATC_93168,0.463459,0.31883399999999995,11
816,0.9999,GTCACAACATGCGCAC_22591,0.463459,0.31883399999999995,11
816,0.9999,AAGCCGCAGATCCCAT_96400,0.463459,0.31883399999999995,11
816,0.9999,CATCAAGCAACGCACC_79923,0.375666,0.31883399999999995,11
816,0.9999,GATTCAGTCCACGTGG_117252,0.5012909999999999,0.31883399999999995,11
816,0.9999,TTAGGCATCTTCGGTC_15363,0.563423,0.31883399999999995,11
816,0.9999,ACGGAGAAGTTCGATC_167500,0.558802,0.31883399999999995,11
837,0.9999,ACTGTCCTCCCGACTT_198306,0.29962,0.29982699999999995,19
837,0.9999,GTATTCTAGCCAACAG_51271,0.208465,0.29982699999999995,19
837,0.9999,CTCGAAAGTGCAACGA_62360,0.343708,0.29982699999999995,19
837,0.9999,ATGCGATGTTTACTCT_62313,0.42671,0.29982699999999995,19
837,0.9999,CCTAGCTCAGCGTCCA_244131,0.205677,0.29982699999999995,19
837,0.9999,GTATTCTAGAGTACCG_175865,0.169178,0.29982699999999995,19
837,0.9999,CCTAAAGGTTACCGAT_213459,0.559681,0.29982699999999995,19
837,0.9999,CTCGGAGCACGAGAGT_199779,0.409825,0.29982699999999995,19
837,0.9999,TGACTAGGTGGTCCGT_36589,0.434792,0.29982699999999995,19
837,0.9999,TGACTAGAGTCCGGTC_62295,0.25255099999999997,0.29982699999999995,19
837,0.9999,CTAAGACAGCTAAGAT_220246,0.385632,0.29982699999999995,19
837,0.9999,GGACGTCTCTCAACTT_93698,0.385632,0.29982699999999995,19
837,0.9999,GACACGCGTAAGGATT_165341,0.355657,0.29982699999999995,19
837,0.9999,ACGAGCCTCACCGTAA_15718,0.169178,0.29982699999999995,19
837,0.9999,GTATTCTGTCAACTGT_190262,0.208731,0.29982699999999995,19
837,0.9999,GATTCAGCACAGATTC_169688,0.300778,0.29982699999999995,19
837,0.9999,TTCTCCTCAGCCTTGG_165668,0.355657,0.29982699999999995,19
837,0.9999,CAGCTAACAGACGTAG_121807,0.385632,0.29982699999999995,19
837,0.9999,CTCGAAAAGGAGTACC_221048,0.725179,0.29982699999999995,19
879,0.9999,AATCGGTGTAGAAGGA_133642,0.7342630000000001,0.03928699999999985,2
879,0.9999,CTAGCCTTCCAGAAGG_248012,0.7735500000000001,0.03928699999999985,2
882,0.9999,TGGCGCACAGGGAGAG_178656,0.694191,0.3813639999999999,38
882,0.9999,TCGAGGCTCCTCCTAG_154176,0.461062,0.3813639999999999,38
882,0.9999,CACACAATCATGCTCC_125789,0.7273740000000001,0.3813639999999999,38
882,0.9999,GACGGCTAGGCAGTCA_197940,0.597984,0.3813639999999999,38
882,0.9999,AGTGGGAAGCGTGTCC_156784,0.649416,0.3813639999999999,38
882,0.9999,AAAGTAGAGATGTTAG_123961,0.634444,0.3813639999999999,38
882,0.9999,TTTGGTTCACTCGACG_139992,0.72268,0.3813639999999999,38
882,0.9999,TGATTTCGTAATTGGA_155846,0.577779,0.3813639999999999,38
882,0.9999,GATGAAAGTCTCATCC_167616,0.7629239999999999,0.3813639999999999,38
882,0.9999,AAACCTGGTGGTTTCA_149922,0.72268,0.3813639999999999,38
882,0.9999,TAAACCGCAGTGGGAT_143877,0.765953,0.3813639999999999,38
882,0.9999,TGAGAGGTCTGAAAGA_229652,0.7144959999999999,0.3813639999999999,38
882,0.9999,TGGCCAGAGCTCCTTC_252623,0.7319990000000001,0.3813639999999999,38
882,0.9999,CTAGTGAGTTTGGCGC_112132,0.6153599999999999,0.3813639999999999,38
882,0.9999,TATGCCCCACGTCTCT_143879,0.765953,0.3813639999999999,38
882,0.9999,GTACTTTCATTGGTAC_268160,0.687252,0.3813639999999999,38
882,0.9999,GTCTCGTAGTGTTTGC_234098,0.5006160000000001,0.3813639999999999,38
882,0.9999,TGCCAAATCGGAGCAA_169266,0.816553,0.3813639999999999,38
882,0.9999,AACCGCGCACAGTCGC_44561,0.617417,0.3813639999999999,38
882,0.9999,CCCTCCTTCCTTTCGG_125781,0.7273740000000001,0.3813639999999999,38
882,0.9999,GATCGCGTCAGTTTGG_194405,0.60648,0.3813639999999999,38
882,0.9999,GCAGCCAGTTTGCATG_178651,0.602597,0.3813639999999999,38
882,0.9999,GGCAATTGTTACCAGT_17325,0.5732010000000001,0.3813639999999999,38
882,0.9999,CCTAGCTAGGCTAGGT_194211,0.7370240000000001,0.3813639999999999,38
882,0.9999,CTGGTCTGTCAGATAA_193339,0.5812660000000001,0.3813639999999999,38
882,0.9999,GATTCAGGTCTAGGTT_80387,0.762647,0.3813639999999999,38
882,0.9999,TAGTGGTTCATAGCAC_175533,0.6417140000000001,0.3813639999999999,38
882,0.9999,CACAGTACATGGGAAC_16242,0.617417,0.3813639999999999,38
882,0.9999,CGTGAGCTCTGCCAGG_27323,0.707264,0.3813639999999999,38
882,0.9999,TATGCCCAGGGCATGT_15736,0.461062,0.3813639999999999,38
882,0.9999,CGTTAGACAATCTACG_17404,0.49808100000000005,0.3813639999999999,38
882,0.9999,GCATGCGAGTACGTTC_118064,0.537535,0.3813639999999999,38
882,0.9999,GTCACGGCACAGTCGC_158666,0.577779,0.3813639999999999,38
882,0.9999,ATCGAGTCAGACAAAT_143880,0.765953,0.3813639999999999,38
882,0.9999,ACGCCGAAGTGACTCT_177665,0.6225750000000001,0.3813639999999999,38
882,0.9999,GACCAATGTTCATGGT_154175,0.461062,0.3813639999999999,38
882,0.9999,CACAGTAAGCGCTCCA_15458,0.55022,0.3813639999999999,38
882,0.9999,GAACCTATCCGGCACA_51187,0.49808100000000005,0.3813639999999999,38
962,0.9999,CCGTTCAAGGCTCATT_131639,1.20501,0.31123499999999993,3
962,0.9999,ACTTACTTCCCTGACT_132888,1.4129839999999998,0.31123499999999993,3
962,0.9999,GTACTTTGTACAAGTA_131629,1.321847,0.31123499999999993,3
971,0.9999,GCCTCTATCTCTTGAT_143540,0.739487,0.14091900000000002,3
971,0.9999,CAAGAAACAGCTCGCA_187434,0.880406,0.14091900000000002,3
971,0.9999,TACAGTGCAAGCCCAC_210530,0.9195800000000001,0.14091900000000002,3
981,0.9999,GCAAACTGTATAAACG_165430,1.037328,0.3366859999999996,26
981,0.9999,TATGCCCAGTCCTCCT_109193,1.039947,0.3366859999999996,26
981,0.9999,CGGAGTCAGTGTTGAA_110452,0.961142,0.3366859999999996,26
981,0.9999,GTATTCTAGTGTCCAT_110454,1.323415,0.3366859999999996,26
981,0.9999,TACTTACAGTCCGTAT_200320,1.057143,0.3366859999999996,26
981,0.9999,TTCGAAGTCTGATTCT_133775,1.156535,0.3366859999999996,26
981,0.9999,ACTGCTCGTGCTTCTC_127869,1.079143,0.3366859999999996,26
981,0.9999,CGTCAGGTCATGCAAC_109177,1.0341369999999999,0.3366859999999996,26
981,0.9999,CAACTAGCACAGGAGT_108386,0.955676,0.3366859999999996,26
981,0.9999,ACCAGTATCTATCCCG_108376,1.075066,0.3366859999999996,26
981,0.9999,TTCTCCTGTTCATGGT_123967,1.261364,0.3366859999999996,26
981,0.9999,GAAACTCGTAGAAGGA_131798,1.036702,0.3366859999999996,26
981,0.9999,ACGTCAATCCGCGGTA_108947,1.0470650000000001,0.3366859999999996,26
981,0.9999,CACCTTGCATCCAACA_108553,1.0392590000000002,0.3366859999999996,26
981,0.9999,TCACAAGAGTGCGATG_259106,1.1254210000000002,0.3366859999999996,26
981,0.9999,ATTTCTGCAGACACTT_129947,1.0983170000000002,0.3366859999999996,26
981,0.9999,TCGTAGAGTAGAGCTG_231761,1.098848,0.3366859999999996,26
981,0.9999,CCTAGCTCAGCTGTAT_149472,0.99904,0.3366859999999996,26
981,0.9999,AACTCAGTCCCGGATG_165206,1.120851,0.3366859999999996,26
981,0.9999,CGAACATCAGCGAACA_108939,1.1523430000000001,0.3366859999999996,26
981,0.9999,AGACGTTCATACCATG_126371,0.9625600000000001,0.3366859999999996,26
981,0.9999,TCTCATATCTTCGGTC_108632,1.113604,0.3366859999999996,26
981,0.9999,CTTACCGAGCGTTTAC_131797,1.036702,0.3366859999999996,26
981,0.9999,CAAGAAATCACAATGC_117162,1.003659,0.3366859999999996,26
981,0.9999,GTTACAGAGCGATAGC_217305,1.164976,0.3366859999999996,26
981,0.9999,TGCACCTTCTGATTCT_208290,0.99943,0.3366859999999996,26
1033,0.9999,GATGAAAAGGCCCTTG_193584,0.875873,0.31396899999999994,3
1033,0.9999,ACAGCTACATGGAATA_95253,1.142732,0.31396899999999994,3
1033,0.9999,AAGGTTCCAACGATGG_150990,1.06729,0.31396899999999994,3
1038,0.9999,CAAGGCCTCTCGAGTA_149572,1.008548,0.34545199999999987,18
1038,0.9999,GATGAAAAGAAGATTC_135833,0.8289829999999999,0.34545199999999987,18
1038,0.9999,CAGCGACGTTCAGACT_104743,0.705517,0.34545199999999987,18
1038,0.9999,AAAGATGCAGTGGGAT_113977,0.8794349999999999,0.34545199999999987,18
1038,0.9999,ATCATCTTCTACCTGC_95389,0.8770509999999999,0.34545199999999987,18
1038,0.9999,CACAAACGTGGTAACG_149569,1.008548,0.34545199999999987,18
1038,0.9999,GTGGGTCAGTAAGTAC_96409,0.7826169999999999,0.34545199999999987,18
1038,0.9999,GTTAAGCAGGTCGGAT_220362,0.8666459999999999,0.34545199999999987,18
1038,0.9999,ACACCAATCGGTCTAA_96419,1.038526,0.34545199999999987,18
1038,0.9999,GCATGTAAGTATCTCG_182508,0.783269,0.34545199999999987,18
1038,0.9999,GAACGGAGTCTACCTC_95263,0.705517,0.34545199999999987,18
1038,0.9999,TGTGGTACAAGGGTCA_135835,0.8289829999999999,0.34545199999999987,18
1038,0.9999,ACGCCAGCACGTCAGC_95561,1.168364,0.34545199999999987,18
1038,0.9999,GTCATTTTCAGCGACC_254059,1.0437779999999999,0.34545199999999987,18
1038,0.9999,CTGCTGTAGTAGTGCG_152467,0.8794349999999999,0.34545199999999987,18
1038,0.9999,TAGGCATGTATCAGTC_95277,0.8794349999999999,0.34545199999999987,18
1038,0.9999,GACTGCGAGAGGGATA_95463,0.8910619999999999,0.34545199999999987,18
1038,0.9999,TAAGCGTGTACTTCTT_312368,0.8289829999999999,0.34545199999999987,18
1074,0.9999,TTCTTAGAGATGTTAG_149717,1.057399,0.0,4
1074,0.9999,GCAATCACAGACGCAA_149718,1.057399,0.0,4
1074,0.9999,AAAGTAGTCAAACCGT_206815,1.057399,0.0,4
1074,0.9999,CCCAATCCAATGGAGC_149721,1.057399,0.0,4
1083,0.9999,CGGCTAGTCGACGGAA_237419,0.799769,0.2342329999999999,2
1083,0.9999,GACAGAGTCCTGTAGA_272071,1.0340019999999999,0.2342329999999999,2
1097,0.9999,CACAAACTCATTGCGA_223929,1.179703,0.3809140000000002,15
1097,0.9999,GCATACACACATAACC_149763,0.874811,0.3809140000000002,15
1097,0.9999,AAAGTAGCAAGTTCTG_199914,0.874811,0.3809140000000002,15
1097,0.9999,GTCACGGAGGCGATAC_92854,1.018556,0.3809140000000002,15
1097,0.9999,AGTGAGGGTACCTACA_92851,1.040496,0.3809140000000002,15
1097,0.9999,GCGAGAAAGCTGCAAG_93809,1.159183,0.3809140000000002,15
1097,0.9999,TACTTACAGGAGTTTA_93879,0.8368,0.3809140000000002,15
1097,0.9999,AGACGTTCACTGTCGG_160746,0.961947,0.3809140000000002,15
1097,0.9999,ACTGTCCAGAGACGAA_187709,0.956606,0.3809140000000002,15
1097,0.9999,GTAACTGCAAAGGAAG_92967,1.400681,0.3809140000000002,15
1097,0.9999,GGGACCTTCTCGCATC_103281,1.193223,0.3809140000000002,15
1097,0.9999,AAAGTAGTCCGTAGTA_161844,1.027774,0.3809140000000002,15
1097,0.9999,CGAGCCATCGTGGGAA_188815,1.010346,0.3809140000000002,15
1097,0.9999,TTGCCGTGTCGCTTCT_93821,0.912822,0.3809140000000002,15
1097,0.9999,CTTAACTGTACTTGAC_283505,1.185352,0.3809140000000002,15
1129,0.9999,GAAACTCCACCTGGTG_72551,1.2346709999999999,0.3515100000000002,2
1129,0.9999,GAACATCAGTGTTGAA_115087,1.122271,0.3515100000000002,2
1135,0.9999,ACGAGGACATGGGAAC_131926,1.105794,0.28213200000000005,3
1135,0.9999,AGATCTGAGCTGATAA_131925,1.105794,0.28213200000000005,3
1135,0.9999,AAGTCTGCATCCAACA_167695,1.1147019999999999,0.28213200000000005,3
1140,0.9999,CAAGGCCTCCTGTAGA_218927,0.8967119999999998,0.392428,29
1140,0.9999,ACTGCTCCAAGCCCAC_72492,1.1571509999999998,0.392428,29
1140,0.9999,CATATGGAGCCAGGAT_169656,1.024903,0.392428,29
1140,0.9999,TACCTTAGTTAAGACA_172035,1.132672,0.392428,29
1140,0.9999,CATGCCTGTCTAGCCG_225558,1.0634099999999997,0.392428,29
1140,0.9999,GCGCGATGTGAAAGAG_72359,0.9900119999999999,0.392428,29
1140,0.9999,GGGTCTGAGTACGACG_214284,1.029926,0.392428,29
1140,0.9999,CTACCCACAATAGAGT_210303,0.9845439999999999,0.392428,29
1140,0.9999,AGTGTCACATGGATGG_132310,0.8958609999999999,0.392428,29
1140,0.9999,GGGCATCGTCCAGTGC_192610,1.151263,0.392428,29
1140,0.9999,ATCGAGTAGCTAGTGG_72252,1.0792789999999999,0.392428,29
1140,0.9999,CCTTCGAAGGACAGCT_132326,0.8958609999999999,0.392428,29
1140,0.9999,CAGATCACACCTATCC_193645,0.9459189999999998,0.392428,29
1140,0.9999,CATCCACTCAGTGCAT_132317,0.8958609999999999,0.392428,29
1140,0.9999,CAAGATCAGACGCACA_72291,0.9676139999999999,0.392428,29
1140,0.9999,CCAATCCTCTCACATT_182639,0.9668779999999999,0.392428,29
1140,0.9999,CACATAGGTCAATGTC_142001,1.0162589999999998,0.392428,29
1140,0.9999,GAGTCCGCAATCGAAA_72527,1.0402959999999999,0.392428,29
1140,0.9999,TGCGGGTGTAAGGATT_72510,0.9993619999999999,0.392428,29
1140,0.9999,AACTCTTCAAGTCATC_204314,0.9900119999999999,0.392428,29
1140,0.9999,TTAGGACTCTCCTATA_216560,1.038525,0.392428,29
1140,0.9999,GACCAATCAGCTGCAC_73834,1.002173,0.392428,29
1140,0.9999,CAAGATCGTTCGGCAC_109986,1.181784,0.392428,29
1140,0.9999,GGCAATTGTATATCCG_147960,1.0634099999999997,0.392428,29
1140,0.9999,AAAGATGGTCTAGTGT_72921,1.176129,0.392428,29
1140,0.9999,TTTGGTTTCGTTACGA_261528,1.079567,0.392428,29
1140,0.9999,TTCTCCTTCACAATGC_201457,1.02312,0.392428,29
1140,0.9999,ATAGACCAGCATCATC_142002,1.0162589999999998,0.392428,29
1140,0.9999,GTGGGTCAGTACGACG_72716,1.15706,0.392428,29
1200,0.9999,TACACGACATTGCGGC_176505,0.892686,0.38673100000000016,3
1200,0.9999,CTGCCTACAATGAAAC_140105,1.011718,0.38673100000000016,3
1200,0.9999,TGCTGCTAGGTGATAT_139507,1.004761,0.38673100000000016,3
1206,0.9999,AGAGCGAGTCTTGTCC_169292,1.075655,0.06601200000000018,2
1206,0.9999,CTGCGGACATGTTGAC_253344,1.141667,0.06601200000000018,2
1209,0.9999,CTGCTGTAGGCTATCT_167595,0.716379,0.308991,10
1209,0.9999,ACGAGGAGTCTCTTAT_175028,1.0801560000000001,0.308991,10
1209,0.9999,CGGACGTTCCGAGCCA_136024,0.9778389999999999,0.308991,10
1209,0.9999,ACATGGTCACATGACT_111619,0.924076,0.308991,10
1209,0.9999,CTAATGGAGCCAACAG_124117,0.989622,0.308991,10
1209,0.9999,GTAACTGAGACTAAGT_231647,0.902938,0.308991,10
1209,0.9999,CGGGTCAAGACTAGGC_111575,0.846049,0.308991,10
1209,0.9999,TGAGCCGAGAATAGGG_174625,0.752127,0.308991,10
1209,0.9999,CTCGGGAGTCGAATCT_111913,0.842788,0.308991,10
1209,0.9999,TACGGTAAGCTACCGC_129790,0.751089,0.308991,10
1229,0.9999,GTGCATACAAGAGGCT_138366,1.232087,0.26112899999999994,3
1229,0.9999,CCTACCACACGAAACG_173367,0.970958,0.26112899999999994,3
1229,0.9999,GCAGTTATCTTATCTG_138365,1.110731,0.26112899999999994,3
1235,0.9999,GAGTCCGGTACCGAGA_72223,1.4389,0.3648170000000004,31
1235,0.9999,ACGATACGTCGAGATG_97061,1.474325,0.3648170000000004,31
1235,0.9999,CTGCCTAAGCACCGTC_123816,1.2303130000000002,0.3648170000000004,31
1235,0.9999,CAAGAAACATCGGTTA_122838,1.2303130000000002,0.3648170000000004,31
1235,0.9999,GCGCAGTAGTACACCT_248560,1.042703,0.3648170000000004,31
1235,0.9999,CCGGTAGAGGGTGTTG_104859,1.772728,0.3648170000000004,31
1235,0.9999,AGATCTGGTTCTGAAC_123448,1.2303130000000002,0.3648170000000004,31
1235,0.9999,CGTCCATTCCGAACGC_260417,1.3186790000000002,0.3648170000000004,31
1235,0.9999,ACACCGGCACGGATAG_172685,1.1545040000000002,0.3648170000000004,31
1235,0.9999,CAGCCGAGTCGTTGTA_97045,0.885772,0.3648170000000004,31
1235,0.9999,TACTTACAGTTGTCGT_220274,1.2728450000000002,0.3648170000000004,31
1235,0.9999,CACCACTAGGGTTTCT_122899,1.2303130000000002,0.3648170000000004,31
1235,0.9999,GTCACAACAAAGTCAA_104789,1.090087,0.3648170000000004,31
1235,0.9999,GACGCGTTCTTTACGT_121957,1.2303130000000002,0.3648170000000004,31
1235,0.9999,GTAGGCCGTCATGCAT_179666,0.969558,0.3648170000000004,31
1235,0.9999,TGAGCATAGAACTGTA_123894,1.2303130000000002,0.3648170000000004,31
1235,0.9999,TACTCGCGTTAAGATG_96983,1.2901420000000001,0.3648170000000004,31
1235,0.9999,AAAGTAGTCTCAAGTG_121956,1.2303130000000002,0.3648170000000004,31
1235,0.9999,CGTTGGGGTGACGGTA_191710,1.0231270000000001,0.3648170000000004,31
1235,0.9999,GAATGAAGTTTGGCGC_123808,1.2303130000000002,0.3648170000000004,31
1235,0.9999,TGCCAAACAGCTATTG_264013,1.3675270000000002,0.3648170000000004,31
1235,0.9999,AGCTCTCTCTGGCGAC_177227,1.1545040000000002,0.3648170000000004,31
1235,0.9999,CTCGTACCATCAGTCA_121955,1.2303130000000002,0.3648170000000004,31
1235,0.9999,ACCAGTAAGCAGATCG_123814,1.2303130000000002,0.3648170000000004,31
1235,0.9999,AAGCCGCCATAAAGGT_121768,1.2303130000000002,0.3648170000000004,31
1235,0.9999,ATCCGAATCTGAGGGA_205046,1.2248910000000002,0.3648170000000004,31
1235,0.9999,GGATTACCATGTAGTC_225023,1.2303130000000002,0.3648170000000004,31
1235,0.9999,TACTTGTCACCGTTGG_246535,1.2729370000000002,0.3648170000000004,31
1235,0.9999,CGTGTAAGTGACCAAG_123872,1.2303130000000002,0.3648170000000004,31
1235,0.9999,CTCAGAACAAAGGCGT_123449,1.2303130000000002,0.3648170000000004,31
1235,0.9999,CTTAACTGTAAGTTCC_72516,1.769389,0.3648170000000004,31
1300,0.9999,GTCACGGGTTACCGAT_151837,1.2348009999999998,0.36822000000000044,12
1300,0.9999,TTAGGACCAAAGCGGT_188302,1.24893,0.36822000000000044,12
1300,0.9999,GGGTCTGAGGTGATAT_106013,1.165355,0.36822000000000044,12
1300,0.9999,CACTCCATCACTCTTA_151835,1.2348009999999998,0.36822000000000044,12
1300,0.9999,AACGTTGAGGGTGTTG_111106,1.160827,0.36822000000000044,12
1300,0.9999,ATTTCTGCAAGAAGAG_256234,1.282774,0.36822000000000044,12
1300,0.9999,TGCCCTACATGATCCA_111103,1.3342520000000002,0.36822000000000044,12
1300,0.9999,CATATGGAGCAATCTC_174971,1.092378,0.36822000000000044,12
1300,0.9999,CATGACAGTGCAACGA_208656,1.3810440000000002,0.36822000000000044,12
1300,0.9999,TACCTATTCTAACTCT_106026,1.092378,0.36822000000000044,12
1300,0.9999,GGGAATGCAATGGAAT_222215,1.2592150000000002,0.36822000000000044,12
1300,0.9999,TTCTTAGCAACGATGG_206923,1.2051370000000001,0.36822000000000044,12
1323,0.9999,AAAGCAAAGGCCCTCA_208317,1.1683759999999999,0.299029,17
1323,0.9999,CTCGTCACAAGAAGAG_149831,1.0903929999999997,0.299029,17
1323,0.9999,TACGGTACAAACCTAC_111119,1.0903929999999997,0.299029,17
1323,0.9999,AGCCTAAAGGCTATCT_132730,1.2663559999999998,0.299029,17
1323,0.9999,GTGCTTCGTATAAACG_238495,1.170624,0.299029,17
1323,0.9999,CTCGGAGTCAAGATCC_125980,1.2880399999999999,0.299029,17
1323,0.9999,GTTCTCGGTCTCTCGT_149828,1.0903929999999997,0.299029,17
1323,0.9999,CCCAGTTAGTCGAGTG_177042,1.0963489999999998,0.299029,17
1323,0.9999,ACTGATGAGCCACGTC_201242,1.2051889999999998,0.299029,17
1323,0.9999,AAGCCGCCAGGGTACA_194320,1.196688,0.299029,17
1323,0.9999,AAGACCTAGGAGTTGC_246776,1.175325,0.299029,17
1323,0.9999,GAACCTACAATGGAGC_116945,1.170624,0.299029,17
1323,0.9999,TGGCCAGGTAGAGGAA_181677,1.132534,0.299029,17
1323,0.9999,CCTACACGTCTCTTAT_185565,1.1286629999999997,0.299029,17
1323,0.9999,TCGGGACGTCCCTTGT_238333,1.144722,0.299029,17
1323,0.9999,CGTCAGGAGAAACCTA_215858,1.204956,0.299029,17
1323,0.9999,GCTCTGTCAACTGGCC_177055,1.0963489999999998,0.299029,17
1356,0.9999,CCCAATCCACATCCGG_179161,1.0147650000000001,0.24249700000000018,63
1356,0.9999,CATCGGGGTTACCAGT_173318,0.950335,0.24249700000000018,63
1356,0.9999,CTAATGGCATTTGCCC_92712,1.0082980000000001,0.24249700000000018,63
1356,0.9999,CCTTCCCAGATGTCGG_61155,1.096795,0.24249700000000018,63
1356,0.9999,CCTATTACAGACGTAG_212037,1.123813,0.24249700000000018,63
1356,0.9999,CGACTTCTCGACCAGC_146824,1.0386339999999998,0.24249700000000018,63
1356,0.9999,GTAACTGTCTGTCTAT_135105,0.854171,0.24249700000000018,63
1356,0.9999,TTCTACATCAGCATGT_120264,1.057227,0.24249700000000018,63
1356,0.9999,TGAAAGAAGAACAATC_92668,1.0082980000000001,0.24249700000000018,63
1356,0.9999,TGACTTTGTACTTCTT_115534,1.0082980000000001,0.24249700000000018,63
1356,0.9999,TGGGCGTTCTTTCCTC_193687,0.981718,0.24249700000000018,63
1356,0.9999,TGAGCCGGTCATCGGC_213859,0.896498,0.24249700000000018,63
1356,0.9999,TGCACCTCATCGGACC_82545,0.854171,0.24249700000000018,63
1356,0.9999,GAGGTGATCTACCAGA_92750,1.0082980000000001,0.24249700000000018,63
1356,0.9999,TCTCTAATCCAGGGCT_92615,1.0082980000000001,0.24249700000000018,63
1356,0.9999,CTCGAGGAGCGAGAAA_161352,1.0082980000000001,0.24249700000000018,63
1356,0.9999,TGAGAGGGTGTGACGA_166316,1.05016,0.24249700000000018,63
1356,0.9999,TTCCCAGAGCCAGAAC_195787,0.9414750000000001,0.24249700000000018,63
1356,0.9999,GTAGTCACATCCTTGC_173371,1.139992,0.24249700000000018,63
1356,0.9999,CCATGTCTCACCCGAG_250260,0.814538,0.24249700000000018,63
1356,0.9999,CTCGGAGAGTCAATAG_174504,1.127205,0.24249700000000018,63
1356,0.9999,CAGATCAAGGTGTGGT_201726,1.008299,0.24249700000000018,63
1356,0.9999,TGACTAGTCTCCGGTT_62199,0.897823,0.24249700000000018,63
1356,0.9999,AGGGATGTCAGAGACG_268162,1.051916,0.24249700000000018,63
1356,0.9999,CGACCTTCAAGCGATG_61048,1.0082980000000001,0.24249700000000018,63
1356,0.9999,GACGCGTGTTCCACGG_92639,1.0082980000000001,0.24249700000000018,63
1356,0.9999,CACATAGTCGCTGATA_72416,0.9963029999999999,0.24249700000000018,63
1356,0.9999,CTAGAGTCAATTCCTT_253360,1.047577,0.24249700000000018,63
1356,0.9999,GGGAGATGTCATTAGC_72774,0.854171,0.24249700000000018,63
1356,0.9999,TGGTTCCAGTCCGGTC_61020,0.897823,0.24249700000000018,63
1356,0.9999,AATCCAGCACATTCGA_92633,1.0082980000000001,0.24249700000000018,63
1356,0.9999,CTTAGGAAGTGAATTG_260147,0.993887,0.24249700000000018,63
1356,0.9999,GTACGTACAATCAGAA_91987,1.0082980000000001,0.24249700000000018,63
1356,0.9999,TATTACCTCCGTAGTA_146818,1.13475,0.24249700000000018,63
1356,0.9999,ACGCCGAAGAAGAAGC_61363,0.9406690000000001,0.24249700000000018,63
1356,0.9999,GCGGGTTTCAGCTTAG_158675,1.088462,0.24249700000000018,63
1356,0.9999,TAAGAGAGTATCTGCA_261703,0.99861,0.24249700000000018,63
1356,0.9999,TAGTGGTGTTTGTTTC_61664,0.9425410000000001,0.24249700000000018,63
1356,0.9999,ACTTGTTTCAACCAAC_177542,0.87439,0.24249700000000018,63
1356,0.9999,ATCATGGTCACATGCA_197136,1.0082980000000001,0.24249700000000018,63
1356,0.9999,TTAGTTCCATCCGTGG_92697,1.0082980000000001,0.24249700000000018,63
1356,0.9999,CTTAGGACACATGGGA_92749,1.0082980000000001,0.24249700000000018,63
1356,0.9999,TGGCTGGAGTATGACA_178497,1.0082980000000001,0.24249700000000018,63
1356,0.9999,TGCTGCTTCTATCGCC_82655,1.09633,0.24249700000000018,63
1356,0.9999,GGCGTGTTCCAGGGCT_122863,0.854171,0.24249700000000018,63
1356,0.9999,TGTGGTAAGTAATCCC_175547,0.900015,0.24249700000000018,63
1356,0.9999,GGGCACTTCCTGTAGA_146812,0.896502,0.24249700000000018,63
1356,0.9999,CCCAATCCATCCCACT_135099,0.854171,0.24249700000000018,63
1356,0.9999,GATCTAGTCAACCATG_122868,0.854171,0.24249700000000018,63
1356,0.9999,CATGACACAGGGTACA_62200,0.998294,0.24249700000000018,63
1356,0.9999,ACGGGCTCACGGACAA_92736,1.0082980000000001,0.24249700000000018,63
1356,0.9999,TGGTTAGAGATCCCGC_150057,1.068545,0.24249700000000018,63
1356,0.9999,GAATGAACAGTAACGG_61104,0.854171,0.24249700000000018,63
1356,0.9999,TACCTATTCTCTGCTG_61369,1.115711,0.24249700000000018,63
1356,0.9999,GACGCGTTCCTACAGA_92735,1.0082980000000001,0.24249700000000018,63
1356,0.9999,CTCTAATCAACTGGCC_312374,0.897823,0.24249700000000018,63
1356,0.9999,CACCAGGAGATGTGTA_92733,1.0082980000000001,0.24249700000000018,63
1356,0.9999,GGCGACTGTGTCAATC_92701,1.0082980000000001,0.24249700000000018,63
1356,0.9999,TGTGGTAGTCTCCCTA_92700,1.0082980000000001,0.24249700000000018,63
1356,0.9999,AACTCAGCACAGACTT_150635,0.72771,0.24249700000000018,63
1356,0.9999,AGGTCATTCAGAGACG_92731,1.0082980000000001,0.24249700000000018,63
1356,0.9999,TTTATGCTCATCTGTT_135094,0.854171,0.24249700000000018,63
1356,0.9999,CACCTTGTCCTTTACA_201992,0.941396,0.24249700000000018,63
0,0,AGGGATGAGAGTACAT_187153,0.6640010000000001,0,1
0,0,AGGGTGATCCAAGCCG_183769,0.4241,0,1
0,0,AAGTCTGAGGGTGTTG_257966,0.869678,0,1
0,0,CTCTACGGTAACGTTC_108527,1.284211,0,1
0,0,CATCGGGCAGCAGTTT_217223,1.3865249999999998,0,1
0,0,GCTGCTTTCTCACATT_170122,0.764739,0,1
0,0,CAGCCGAGTTCTGTTT_180970,1.2465540000000002,0,1
0,0,TTCGGTCAGATGCCAG_143363,0.866671,0,1
0,0,CGGACTGGTACACCGC_151140,1.13208,0,1
0,0,CATGGCGAGAAACGAG_147735,1.836348,0,1
0,0,AACTTTCAGTCTCGGC_22141,1.200051,0,1
0,0,CAAGTTGTCGCATGAT_72576,1.146235,0,1
0,0,TGCTGCTGTGTGTGCC_206124,0.791322,0,1
0,0,CGTCCATCATGTCGAT_111860,1.330845,0,1
0,0,CGAATGTCAATGAATG_181056,0.522468,0,1
0,0,GATGAAAGTTGCGCAC_135542,0.877386,0,1
0,0,TTCGGTCAGTGAATTG_92915,1.201755,0,1
0,0,TAAGAGACAGTGGGAT_92975,1.189685,0,1
0,0,CGTCCATAGCGTTTAC_93612,1.3201740000000002,0,1
0,0,TTCTCCTAGGAGCGAG_173295,1.2606519999999999,0,1
0,0,TGTGTTTTCCGTCATC_177560,0.751472,0,1
0,0,GTATCTTAGGGCTCTC_116849,0.6990069999999999,0,1
0,0,TACTTGTTCGGCATCG_109029,0.588729,0,1
